255 11
93
147
153
102
146
239
182
182
246
34
91
59
32
107
95
253
32
215
27
98
253
219
148
146
165
14
130
129
131
211
135
246
0
168
174
219
247
148
90
186
1
239
219
33
75
134
225
188
217
63
205
107
54
134
15
36
137
173
248
140
211
221
71
36
176
26
128
60
146
106
222
223
164
85
62
141
171
162
237
110
8
71
91
17
251
96
42
252
217
27
68
175
45
45
162
115
134
22
93
177
197
136
161
22
169
154
158
61
153
166
18
246
75
249
230
253
134
15
184
42
236
22
13
184
165
139
22
212
80
211
16
174
222
6
118
108
0
247
42
162
91
24
15
76
115
214
69
92
33
161
28
52
112
128
162
208
59
65
195
160
244
10
55
114
5
126
65
92
156
18
147
14
163
56
7
22
181
162
63
236
49
155
144
158
68
97
12
154
75
184
104
129
4
184
48
167
225
47
200
141
109
90
7
140
129
99
214
200
113
162
91
145
87
47
145
169
21
82
49
200
180
175
81
92
213
1
221
83
193
110
134
223
216
215
209
250
111
131
240
34
2
203
63
194
253
233
109
59
254
248
234
70
84
92
41
255 14
56
124
155
145
73
42
17
137
29
18
171
192
231
224
140
178
176
101
85
208
46
91
55
95
127
127
19
183
40
29
113
166
50
112
127
191
13
253
221
91
41
202
51
53
47
39
92
222
54
249
153
206
218
182
75
199
86
244
69
129
234
1
39
114
98
128
224
176
212
19
40
243
154
11
215
79
239
98
69
103
30
225
130
19
95
85
130
212
10
67
90
119
157
165
144
177
171
205
136
223
119
28
27
74
27
116
10
136
68
98
227
11
130
44
143
137
75
62
122
145
165
179
230
235
249
194
40
202
85
107
195
45
1
166
64
146
47
167
163
57
223
182
122
247
224
80
15
184
152
198
170
185
184
36
194
47
108
188
6
40
106
29
235
110
118
151
237
245
199
235
189
230
213
42
232
39
183
71
13
222
13
134
245
137
182
6
41
67
81
231
59
251
166
84
127
128
207
1
55
223
22
147
253
173
114
160
26
215
58
134
231
130
206
239
96
115
179
64
7
84
65
230
123
37
131
125
73
107
205
66
28
76
94
200
121
150
75
136
34
225
96
66
176
56
108
141
17
183
102
30
27
195
26
246
112
255 9
197
6
7
174
224
179
208
146
128
7
6
191
104
253
16
219
253
113
119
6
201
227
26
50
166
177
118
212
203
36
141
22
37
83
221
77
50
200
140
192
158
7
175
139
254
157
100
247
166
147
234
151
61
103
187
208
228
82
71
181
253
57
56
214
33
21
191
112
42
132
16
18
8
17
39
6
246
207
12
15
86
130
219
107
130
104
137
47
83
13
125
38
23
35
23
175
233
58
96
23
124
254
233
1
26
87
249
231
121
136
51
234
0
114
224
82
21
123
177
44
244
90
15
103
56
219
79
210
189
97
44
122
228
146
7
49
220
112
179
141
136
191
9
172
93
100
160
231
134
87
28
141
33
51
24
101
30
237
165
66
124
152
115
178
181
149
125
78
231
243
132
218
98
164
11
116
221
73
203
247
53
232
116
187
20
42
190
219
112
12
205
201
226
220
52
102
173
136
201
12
144
222
46
237
197
193
167
228
19
225
131
120
211
74
251
56
184
178
13
166
40
239
148
124
47
171
155
161
247
233
60
161
24
13
219
224
173
214
161
218
189
148
33
179
34
108
138
127
78
160
31
188
253
203
184
255 6
136
18
253
218
39
16
180
127
103
242
47
142
134
253
78
123
151
17
149
28
143
23
59
215
134
69
11
59
25
143
71
172
233
237
38
167
167
192
80
216
108
48
63
11
101
61
229
122
129
125
224
182
144
244
203
74
43
123
242
107
164
89
134
66
69
101
86
206
84
31
153
96
202
2
36
233
186
103
153
201
235
235
233
70
200
80
86
191
213
152
228
98
20
32
234
117
17
54
53
242
84
150
60
223
70
188
80
239
123
173
223
165
34
153
238
9
121
188
218
114
132
195
119
157
15
179
64
30
225
157
182
115
80
126
142
85
64
162
16
212
138
70
181
24
31
49
45
6
56
22
250
229
180
194
93
239
209
162
103
109
76
55
227
249
62
235
69
107
23
201
31
113
39
132
233
24
248
23
11
81
97
56
136
195
240
186
136
99
85
48
136
82
248
247
179
210
211
123
75
164
162
154
134
14
138
210
13
166
180
209
200
157
71
204
58
140
100
88
217
2
55
144
157
37
35
56
134
46
216
176
29
147
15
179
1
227
30
58
220
22
138
251
98
140
56
242
180
89
124
36
43
197
148
35
247
255 8
150
160
159
163
126
227
236
49
144
199
168
244
234
240
222
82
182
161
197
1
61
92
172
71
100
51
238
188
184
90
183
242
34
186
182
76
82
36
135
155
219
182
21
152
58
60
139
181
100
105
83
245
246
120
87
167
122
148
5
197
55
252
59
213
103
145
195
182
72
207
133
67
124
216
12
132
215
34
97
110
113
217
157
79
253
193
161
179
92
7
138
97
148
169
17
176
73
243
48
4
83
172
54
246
1
233
34
104
176
135
207
33
218
219
172
74
100
153
41
250
114
223
79
226
95
29
128
68
159
130
205
92
171
76
211
151
57
154
152
142
171
243
116
144
118
18
33
105
39
72
170
143
127
50
98
27
124
252
118
67
214
129
135
19
18
56
254
170
238
164
25
27
124
97
110
13
234
215
189
151
199
120
44
100
180
100
163
57
38
244
187
194
110
78
20
103
73
90
144
210
39
183
171
111
118
149
78
82
16
69
106
98
194
199
192
123
62
174
125
98
134
108
173
6
4
185
214
117
50
216
39
182
64
21
33
35
133
9
231
205
219
112
232
30
21
103
36
246
251
221
113
4
62
1
173
255 7
109
205
121
163
14
169
26
236
189
232
235
205
233
148
188
88
146
207
92
74
151
185
164
112
180
245
94
14
193
172
74
200
190
206
137
33
235
48
0
239
254
86
16
145
2
236
250
71
56
162
165
38
4
173
18
166
51
176
195
247
237
123
63
157
226
88
32
250
49
169
223
108
83
35
150
186
179
88
160
17
157
246
20
93
122
96
226
59
194
71
183
80
152
230
124
230
38
118
27
196
85
187
213
152
110
61
25
162
186
169
252
64
124
178
122
62
157
154
130
113
174
207
211
176
192
5
203
96
33
94
238
187
77
151
127
203
130
111
164
121
44
73
197
61
21
222
187
43
234
178
157
253
15
205
228
95
227
108
113
100
17
87
59
129
20
16
38
8
66
91
179
237
52
229
129
232
243
9
141
236
162
207
25
174
233
119
237
126
91
26
41
143
66
43
90
12
204
201
84
83
38
205
107
75
240
120
91
7
101
188
210
243
229
160
191
106
28
211
85
202
215
252
52
54
93
144
5
120
162
133
241
218
219
241
173
233
19
157
121
112
214
221
238
26
83
99
186
105
138
27
77
23
26
87
191
255 10
61
198
41
126
162
68
35
254
228
42
253
139
8
55
190
253
44
198
217
165
217
237
133
244
79
32
41
194
249
186
126
189
36
228
90
162
94
248
1
89
34
197
203
9
10
247
35
134
236
234
32
227
158
100
203
139
38
109
67
59
150
153
98
128
133
97
161
5
213
58
141
24
187
210
228
131
11
56
101
8
76
187
24
18
62
94
71
233
213
169
216
22
19
1
221
128
138
103
118
189
125
185
50
56
199
172
29
3
234
169
239
57
125
185
201
83
135
157
16
191
150
215
55
145
117
118
9
204
232
188
138
69
241
133
26
195
192
115
18
177
43
54
110
41
49
44
66
199
6
56
135
5
97
191
135
168
140
76
65
163
201
5
42
45
195
165
177
15
71
219
66
2
4
66
229
105
37
10
63
1
213
199
124
184
50
58
102
232
129
59
120
156
65
132
123
180
93
212
204
69
215
254
27
153
28
219
42
36
51
119
132
29
148
65
81
73
184
43
111
228
249
243
162
139
38
166
231
23
251
204
169
61
226
62
111
61
5
187
11
92
212
36
31
131
88
171
165
55
207
115
156
103
182
113
27
255 0
219
206
163
115
22
128
115
33
210
182
110
152
4
100
57
76
163
208
38
177
91
19
249
238
235
44
127
134
190
100
47
104
183
35
0
243
173
188
178
57
177
10
94
182
191
104
38
241
116
19
182
108
38
205
111
100
109
26
87
86
171
12
104
194
116
67
65
115
10
167
218
249
73
245
144
205
243
19
58
8
235
232
251
192
95
84
13
23
110
75
236
231
150
36
129
1
56
152
152
16
93
227
105
123
1
124
146
235
38
81
11
43
136
167
178
72
229
193
41
133
179
200
102
149
235
231
103
40
59
179
166
225
226
235
231
21
86
65
223
249
199
99
119
64
193
240
31
95
13
96
30
29
219
126
45
195
172
179
128
88
208
185
248
204
148
166
53
91
120
124
130
135
161
134
32
97
226
190
65
238
131
159
239
24
208
121
66
83
226
198
95
3
36
82
151
57
45
183
216
240
218
250
102
63
162
97
31
242
58
160
254
107
205
118
212
125
149
123
243
222
161
12
107
234
37
222
95
59
220
220
137
154
88
5
31
174
39
126
243
205
210
136
150
80
223
89
137
182
217
230
114
181
230
140
138
255 3
45
86
152
31
64
10
109
118
78
69
113
217
183
14
194
178
46
64
69
24
231
84
179
156
92
77
32
158
121
47
199
13
22
142
176
200
186
39
5
116
141
99
22
4
223
130
108
21
87
239
100
74
246
101
124
188
211
239
214
107
25
56
92
77
210
137
195
70
153
160
94
136
130
147
151
201
42
124
176
12
247
253
205
58
145
139
228
104
214
158
15
202
101
210
137
140
238
34
230
16
30
202
240
184
104
26
24
30
131
177
62
189
107
65
84
41
179
70
88
12
56
60
65
215
226
102
164
222
4
28
30
100
97
213
159
74
150
101
223
196
70
251
105
66
141
13
207
167
13
28
201
95
88
217
51
3
98
135
191
158
186
71
196
23
63
57
105
209
31
227
91
3
109
91
113
229
254
178
220
173
195
238
44
85
119
170
66
195
204
119
216
162
8
138
172
109
25
133
117
27
117
254
145
135
91
189
8
81
238
237
128
109
119
128
18
178
220
201
233
41
110
78
245
154
113
38
246
252
16
117
137
237
162
210
126
10
205
26
207
129
117
254
90
195
162
71
200
179
90
86
153
100
196
126
245
