255 11
93
147
153
102
146
239
182
182
246
34
91
59
32
107
95
253
32
215
27
98
253
219
148
146
165
14
130
129
131
211
135
246
0
168
174
219
247
148
90
186
1
239
219
33
75
134
225
188
217
63
205
107
54
134
15
36
137
173
248
140
211
221
71
36
176
26
128
60
146
106
222
223
164
85
62
141
171
162
237
110
8
71
91
17
251
96
42
252
217
27
68
175
45
45
162
115
134
22
93
177
197
136
161
22
169
154
158
61
153
166
18
246
75
249
230
253
134
15
184
42
236
22
13
184
165
139
22
212
80
211
16
174
222
6
118
108
0
247
42
162
91
24
15
76
115
214
69
92
33
161
28
52
112
128
162
208
59
65
195
160
244
10
55
114
5
126
65
92
156
18
147
14
163
56
7
22
181
162
63
236
49
155
144
158
68
97
12
154
75
184
104
129
4
184
48
167
225
47
200
141
109
90
7
140
129
99
214
200
113
162
91
145
87
47
145
169
21
82
49
200
180
175
81
92
213
1
221
83
193
110
134
223
216
215
209
250
111
131
240
34
2
203
63
194
253
233
109
59
254
248
234
70
84
92
41
255 14
56
124
155
145
73
42
17
137
29
18
171
192
231
224
140
178
176
101
85
208
46
91
55
95
127
127
19
183
40
29
113
166
50
112
127
191
13
253
221
91
41
202
51
53
47
39
92
222
54
249
153
206
218
182
75
199
86
244
69
129
234
1
39
114
98
128
224
176
212
19
40
243
154
11
215
79
239
98
69
103
30
225
130
19
95
85
130
212
10
67
90
119
157
165
144
177
171
205
136
223
119
28
27
74
27
116
10
136
68
98
227
11
130
44
143
137
75
62
122
145
165
179
230
235
249
194
40
202
85
107
195
45
1
166
64
146
47
167
163
57
223
182
122
247
224
80
15
184
152
198
170
185
184
36
194
47
108
188
6
40
106
29
235
110
118
151
237
245
199
235
189
230
213
42
232
39
183
71
13
222
13
134
245
137
182
6
41
67
81
231
59
251
166
84
127
128
207
1
55
223
22
147
253
173
114
160
26
215
58
134
231
130
206
239
96
115
179
64
7
84
65
230
123
37
131
125
73
107
205
66
28
76
94
200
121
150
75
136
34
225
96
66
176
56
108
141
17
183
102
30
27
195
26
246
112
