255 3
45
86
152
31
64
10
109
118
78
69
113
217
183
14
194
178
46
64
69
24
231
84
179
156
92
77
32
158
121
47
199
13
22
142
176
200
186
39
5
116
141
99
22
4
223
130
108
21
87
239
100
74
246
101
124
188
211
239
214
107
25
56
92
77
210
137
195
70
153
160
94
136
130
147
151
201
42
124
176
12
247
253
205
58
145
139
228
104
214
158
15
202
101
210
137
140
238
34
230
16
30
202
240
184
104
26
24
30
131
177
62
189
107
65
84
41
179
70
88
12
56
60
65
215
226
102
164
222
4
28
30
100
97
213
159
74
150
101
223
196
70
251
105
66
141
13
207
167
13
28
201
95
88
217
51
3
98
135
191
158
186
71
196
23
63
57
105
209
31
227
91
3
109
91
113
229
254
178
220
173
195
238
44
85
119
170
66
195
204
119
216
162
8
138
172
109
25
133
117
27
117
254
145
135
91
189
8
81
238
237
128
109
119
128
18
178
220
201
233
41
110
78
245
154
113
38
246
252
16
117
137
237
162
210
126
10
205
26
207
129
117
254
90
195
162
71
200
179
90
255 3
45
86
152
31
64
10
109
118
78
69
113
217
183
14
194
178
46
64
69
24
231
84
179
156
92
77
32
158
121
47
199
13
22
142
176
200
186
39
5
116
141
99
22
4
223
130
108
21
87
239
100
74
246
101
124
188
211
239
214
107
25
56
92
77
210
137
195
70
153
160
94
136
130
147
151
201
42
124
176
12
247
253
205
58
145
139
228
104
214
158
15
202
101
210
137
140
238
34
230
16
30
202
240
184
104
26
24
30
131
177
62
189
107
65
84
41
179
70
88
12
56
60
65
215
226
102
164
222
4
28
30
100
97
213
159
74
150
101
223
196
70
251
105
66
141
13
207
167
13
28
201
95
88
217
51
3
98
135
191
158
186
71
196
23
63
57
105
209
31
227
91
3
109
91
113
229
254
178
220
173
195
238
44
85
119
170
66
195
204
119
216
162
8
138
172
109
25
133
117
27
117
254
145
135
91
189
8
81
238
237
128
109
119
128
18
178
220
201
233
41
110
78
245
154
113
38
246
252
16
117
137
237
162
210
126
10
205
26
207
129
117
254
90
195
162
71
200
179
90
255 0
219
206
163
115
22
128
115
33
210
182
110
152
4
100
57
76
163
208
38
177
91
19
249
238
235
44
127
134
190
100
47
104
183
35
0
243
173
188
178
57
177
10
94
182
191
104
38
241
116
19
182
108
38
205
111
100
109
26
87
86
171
12
104
194
116
67
65
115
10
167
218
249
73
245
144
205
243
19
58
8
235
232
251
192
95
84
13
23
110
75
236
231
150
36
129
1
56
152
152
16
93
227
105
123
1
124
146
235
38
81
11
43
136
167
178
72
229
193
41
133
179
200
102
149
235
231
103
40
59
179
166
225
226
235
231
21
86
65
223
249
199
99
119
64
193
240
31
95
13
96
30
29
219
126
45
195
172
179
128
88
208
185
248
204
148
166
53
91
120
124
130
135
161
134
32
97
226
190
65
238
131
159
239
24
208
121
66
83
226
198
95
3
36
82
151
57
45
183
216
240
218
250
102
63
162
97
31
242
58
160
254
107
205
118
212
125
149
123
243
222
161
12
107
234
37
222
95
59
220
220
137
154
88
5
31
174
39
126
243
205
210
136
150
80
223
89
137
182
217
230
114
181
230
140
138
255 3
45
86
152
31
64
10
109
118
78
69
113
217
183
14
194
178
46
64
69
24
231
84
179
156
92
77
32
158
121
47
199
13
22
142
176
200
186
39
5
116
141
99
22
4
223
130
108
21
87
239
100
74
246
101
124
188
211
239
214
107
25
56
92
77
210
137
195
70
153
160
94
136
130
147
151
201
42
124
176
12
247
253
205
58
145
139
228
104
214
158
15
202
101
210
137
140
238
34
230
16
30
202
240
184
104
26
24
30
131
177
62
189
107
65
84
41
179
70
88
12
56
60
65
215
226
102
164
222
4
28
30
100
97
213
159
74
150
101
223
196
70
251
105
66
141
13
207
167
13
28
201
95
88
217
51
3
98
135
191
158
186
71
196
23
63
57
105
209
31
227
91
3
109
91
113
229
254
178
220
173
195
238
44
85
119
170
66
195
204
119
216
162
8
138
172
109
25
133
117
27
117
254
145
135
91
189
8
81
238
237
128
109
119
128
18
178
220
201
233
41
110
78
245
154
113
38
246
252
16
117
137
237
162
210
126
10
205
26
207
129
117
254
90
195
162
71
200
179
90
