Short Preambles:
0.06250, 0.06250
0.03531, -0.10293
-0.07571, 0.01944
-0.04415, 0.06650
0.03693, -0.00628
0.09205, 0.05972
0.03471, -0.02949
0.02065, -0.09214
0.05524, -0.05524
-0.00101, -0.01697
-0.00348, 0.05589
-0.02391, -0.05075
-0.10214, -0.02847
-0.03120, 0.08699
0.07667, -0.05382
-0.01038, -0.05193
-0.10938, -0.01562
-0.01607, -0.06906
-0.00777, 0.05083
-0.08218, 0.03830
-0.00217, -0.06230
0.05765, -0.01121
0.08892, 0.04067
0.04001, 0.06454
-0.07734, 0.07734
0.03030, 0.07891
0.04714, -0.01932
-0.08053, -0.07475
-0.03594, 0.07538
-0.03031, 0.07277
0.01275, -0.00137
0.08769, 0.06552
0.00000, 0.00000
0.00815, -0.08503
0.07753, -0.07537
0.08757, -0.04800
0.08271, 0.06342
0.03287, 0.06292
0.02597, -0.03008
-0.02445, 0.03373
-0.05524, 0.05524
0.07188, -0.01435
0.08332, 0.04786
-0.01294, 0.03716
0.00839, -0.09117
0.05988, -0.02794
0.02147, 0.06555
-0.04391, 0.06784
-0.07812, 0.07812
-0.10066, -0.01496
-0.03825, -0.03910
-0.01019, 0.00459
-0.05496, -0.05734
0.02969, 0.01124
0.01959, 0.06308
-0.03061, -0.05351
0.07734, -0.07734
0.00871, -0.04077
-0.08278, -0.04025
-0.04706, -0.06144
-0.05781, -0.01824
0.00274, 0.01067
-0.03009, -0.05455
-0.07563, 0.05432
0.06250, 0.06250
0.03531, -0.10293
-0.07571, 0.01944
-0.04415, 0.06650
0.03693, -0.00628
0.09205, 0.05972
0.03471, -0.02949
0.02065, -0.09214
0.05524, -0.05524
-0.00101, -0.01697
-0.00348, 0.05589
-0.02391, -0.05075
-0.10214, -0.02847
-0.03120, 0.08699
0.07667, -0.05382
-0.01038, -0.05193
-0.10938, -0.01562
-0.01607, -0.06906
-0.00777, 0.05083
-0.08218, 0.03830
-0.00217, -0.06230
0.05765, -0.01121
0.08892, 0.04067
0.04001, 0.06454
-0.07734, 0.07734
0.03030, 0.07891
0.04714, -0.01932
-0.08053, -0.07475
-0.03594, 0.07538
-0.03031, 0.07277
0.01275, -0.00137
0.08769, 0.06552
0.00000, 0.00000
0.00815, -0.08503
0.07753, -0.07537
0.08757, -0.04800
0.08271, 0.06342
0.03287, 0.06292
0.02597, -0.03008
-0.02445, 0.03373
-0.05524, 0.05524
0.07188, -0.01435
0.08332, 0.04786
-0.01294, 0.03716
0.00839, -0.09117
0.05988, -0.02794
0.02147, 0.06555
-0.04391, 0.06784
-0.07812, 0.07812
-0.10066, -0.01496
-0.03825, -0.03910
-0.01019, 0.00459
-0.05496, -0.05734
0.02969, 0.01124
0.01959, 0.06308
-0.03061, -0.05351
0.07734, -0.07734
0.00871, -0.04077
-0.08278, -0.04025
-0.04706, -0.06144
-0.05781, -0.01824
0.00274, 0.01067
-0.03009, -0.05455
-0.07563, 0.05432
0.06250, 0.06250
0.03531, -0.10293
-0.07571, 0.01944
-0.04415, 0.06650
0.03693, -0.00628
0.09205, 0.05972
0.03471, -0.02949
0.02065, -0.09214
0.05524, -0.05524
-0.00101, -0.01697
-0.00348, 0.05589
-0.02391, -0.05075
-0.10214, -0.02847
-0.03120, 0.08699
0.07667, -0.05382
-0.01038, -0.05193
-0.10938, -0.01562
-0.01607, -0.06906
-0.00777, 0.05083
-0.08218, 0.03830
-0.00217, -0.06230
0.05765, -0.01121
0.08892, 0.04067
0.04001, 0.06454
-0.07734, 0.07734
0.03030, 0.07891
0.04714, -0.01932
-0.08053, -0.07475
-0.03594, 0.07538
-0.03031, 0.07277
0.01275, -0.00137
0.08769, 0.06552
0.00000, 0.00000
0.00815, -0.08503
0.07753, -0.07537
0.08757, -0.04800
0.08271, 0.06342
0.03287, 0.06292
0.02597, -0.03008
-0.02445, 0.03373
-0.05524, 0.05524
0.07188, -0.01435
0.08332, 0.04786
-0.01294, 0.03716
0.00839, -0.09117
0.05988, -0.02794
0.02147, 0.06555
-0.04391, 0.06784
-0.07812, 0.07812
-0.10066, -0.01496
-0.03825, -0.03910
-0.01019, 0.00459
-0.05496, -0.05734
0.02969, 0.01124
0.01959, 0.06308
-0.03061, -0.05351
0.07734, -0.07734
0.00871, -0.04077
-0.08278, -0.04025
-0.04706, -0.06144
-0.05781, -0.01824
0.00274, 0.01067
-0.03009, -0.05455
-0.07563, 0.05432
0.06250, 0.06250
0.03531, -0.10293
-0.07571, 0.01944
-0.04415, 0.06650
0.03693, -0.00628
0.09205, 0.05972
0.03471, -0.02949
0.02065, -0.09214
0.05524, -0.05524
-0.00101, -0.01697
-0.00348, 0.05589
-0.02391, -0.05075
-0.10214, -0.02847
-0.03120, 0.08699
0.07667, -0.05382
-0.01038, -0.05193
-0.10938, -0.01562
-0.01607, -0.06906
-0.00777, 0.05083
-0.08218, 0.03830
-0.00217, -0.06230
0.05765, -0.01121
0.08892, 0.04067
0.04001, 0.06454
-0.07734, 0.07734
0.03030, 0.07891
0.04714, -0.01932
-0.08053, -0.07475
-0.03594, 0.07538
-0.03031, 0.07277
0.01275, -0.00137
0.08769, 0.06552
0.00000, 0.00000
0.00815, -0.08503
0.07753, -0.07537
0.08757, -0.04800
0.08271, 0.06342
0.03287, 0.06292
0.02597, -0.03008
-0.02445, 0.03373
-0.05524, 0.05524
0.07188, -0.01435
0.08332, 0.04786
-0.01294, 0.03716
0.00839, -0.09117
0.05988, -0.02794
0.02147, 0.06555
-0.04391, 0.06784
-0.07812, 0.07812
-0.10066, -0.01496
-0.03825, -0.03910
-0.01019, 0.00459
-0.05496, -0.05734
0.02969, 0.01124
0.01959, 0.06308
-0.03061, -0.05351
0.07734, -0.07734
0.00871, -0.04077
-0.08278, -0.04025
-0.04706, -0.06144
-0.05781, -0.01824
0.00274, 0.01067
-0.03009, -0.05455
-0.07563, 0.05432
Long Preambles:
0.04419, 0.04419
0.08656, -0.05036
-0.06262, 0.00312
-0.06891, -0.01009
0.05736, -0.02730
0.04665, 0.08433
-0.03359, -0.00592
0.02714, -0.10328
0.08907, -0.04679
0.06414, 0.00922
0.05536, 0.08409
-0.03881, 0.02458
-0.09196, 0.02193
0.01679, 0.10296
0.03396, -0.05650
-0.04534, -0.07563
-0.08515, 0.04364
-0.07181, -0.00669
-0.02814, 0.05770
-0.02268, 0.09537
-0.01449, -0.00756
0.03578, -0.00659
0.08806, -0.01349
0.05755, 0.01116
-0.00365, 0.10573
0.07607, 0.05396
0.05890, -0.04530
-0.10026, -0.01272
-0.03900, 0.06367
0.04503, 0.07787
0.01234, 0.07297
0.07133, 0.05033
0.07734, -0.01105
0.03984, -0.02307
0.06222, -0.04136
0.02775, -0.05606
0.04567, 0.03346
0.08337, -0.00049
-0.01551, -0.08728
-0.04688, 0.05570
0.02393, 0.07814
0.06018, -0.07656
0.07078, -0.01582
-0.02400, 0.02532
-0.07162, -0.06600
0.04104, -0.00712
0.03634, 0.08477
-0.01003, 0.10947
-0.03181, 0.07868
-0.10310, 0.01741
0.01075, 0.02728
0.05336, -0.04326
-0.08738, -0.06704
-0.00559, 0.07827
0.07130, 0.04957
0.04789, -0.02943
0.07583, -0.03355
0.00223, -0.09558
-0.01289, -0.06093
0.00605, -0.00496
-0.03891, 0.04822
-0.02603, 0.07966
-0.09077, -0.01650
-0.06674, 0.03745
0.04419, 0.04419
-0.03663, -0.09521
-0.04446, 0.02438
0.00648, 0.10414
-0.00513, 0.01842
0.08354, 0.00013
0.08268, -0.03578
0.00206, -0.02703
-0.01095, -0.03133
-0.06557, -0.03321
-0.06029, -0.00504
0.00499, -0.09636
-0.05249, -0.06220
-0.06091, 0.02006
0.07448, -0.01961
0.03067, 0.00219
-0.06953, -0.06574
0.04909, -0.09098
0.01716, 0.01418
-0.09354, -0.04121
0.01141, -0.08054
0.04575, -0.00926
0.03770, 0.07101
-0.00096, 0.08012
-0.10573, 0.00365
-0.03322, 0.05763
0.00776, 0.01799
-0.01363, -0.09299
-0.01183, 0.04293
-0.08789, 0.02504
0.00569, -0.07491
0.05269, 0.04233
-0.07734, 0.01105
-0.02831, -0.09717
0.04743, -0.06523
0.09609, -0.01183
0.07130, 0.05623
-0.03688, 0.08947
0.05223, 0.04474
0.01231, -0.00799
-0.10206, -0.00002
0.04147, 0.05627
0.04706, 0.08351
0.00570, 0.02724
0.08348, -0.06293
0.04364, -0.03239
-0.00598, 0.00792
-0.05207, -0.01353
-0.07868, 0.03181
-0.03925, -0.03857
-0.06484, -0.08258
-0.06778, 0.04974
0.00965, -0.01406
0.04758, -0.06237
-0.04359, 0.03964
-0.09118, -0.04625
0.03355, -0.07583
0.01009, 0.03792
-0.10418, 0.00401
-0.07260, -0.08193
-0.04284, -0.07402
0.02991, -0.06457
0.04822, -0.06064
-0.04022, 0.03938
0.04419, 0.04419
0.08656, -0.05036
-0.06262, 0.00312
-0.06891, -0.01009
0.05736, -0.02730
0.04665, 0.08433
-0.03359, -0.00592
0.02714, -0.10328
0.08907, -0.04679
0.06414, 0.00922
0.05536, 0.08409
-0.03881, 0.02458
-0.09196, 0.02193
0.01679, 0.10296
0.03396, -0.05650
-0.04534, -0.07563
-0.08515, 0.04364
-0.07181, -0.00669
-0.02814, 0.05770
-0.02268, 0.09537
-0.01449, -0.00756
0.03578, -0.00659
0.08806, -0.01349
0.05755, 0.01116
-0.00365, 0.10573
0.07607, 0.05396
0.05890, -0.04530
-0.10026, -0.01272
-0.03900, 0.06367
0.04503, 0.07787
0.01234, 0.07297
0.07133, 0.05033
0.07734, -0.01105
0.03984, -0.02307
0.06222, -0.04136
0.02775, -0.05606
0.04567, 0.03346
0.08337, -0.00049
-0.01551, -0.08728
-0.04688, 0.05570
0.02393, 0.07814
0.06018, -0.07656
0.07078, -0.01582
-0.02400, 0.02532
-0.07162, -0.06600
0.04104, -0.00712
0.03634, 0.08477
-0.01003, 0.10947
-0.03181, 0.07868
-0.10310, 0.01741
0.01075, 0.02728
0.05336, -0.04326
-0.08738, -0.06704
-0.00559, 0.07827
0.07130, 0.04957
0.04789, -0.02943
0.07583, -0.03355
0.00223, -0.09558
-0.01289, -0.06093
0.00605, -0.00496
-0.03891, 0.04822
-0.02603, 0.07966
-0.09077, -0.01650
-0.06674, 0.03745
0.04419, 0.04419
-0.03663, -0.09521
-0.04446, 0.02438
0.00648, 0.10414
-0.00513, 0.01842
0.08354, 0.00013
0.08268, -0.03578
0.00206, -0.02703
-0.01095, -0.03133
-0.06557, -0.03321
-0.06029, -0.00504
0.00499, -0.09636
-0.05249, -0.06220
-0.06091, 0.02006
0.07448, -0.01961
0.03067, 0.00219
-0.06953, -0.06574
0.04909, -0.09098
0.01716, 0.01418
-0.09354, -0.04121
0.01141, -0.08054
0.04575, -0.00926
0.03770, 0.07101
-0.00096, 0.08012
-0.10573, 0.00365
-0.03322, 0.05763
0.00776, 0.01799
-0.01363, -0.09299
-0.01183, 0.04293
-0.08789, 0.02504
0.00569, -0.07491
0.05269, 0.04233
-0.07734, 0.01105
-0.02831, -0.09717
0.04743, -0.06523
0.09609, -0.01183
0.07130, 0.05623
-0.03688, 0.08947
0.05223, 0.04474
0.01231, -0.00799
-0.10206, -0.00002
0.04147, 0.05627
0.04706, 0.08351
0.00570, 0.02724
0.08348, -0.06293
0.04364, -0.03239
-0.00598, 0.00792
-0.05207, -0.01353
-0.07868, 0.03181
-0.03925, -0.03857
-0.06484, -0.08258
-0.06778, 0.04974
0.00965, -0.01406
0.04758, -0.06237
-0.04359, 0.03964
-0.09118, -0.04625
0.03355, -0.07583
0.01009, 0.03792
-0.10418, 0.00401
-0.07260, -0.08193
-0.04284, -0.07402
0.02991, -0.06457
0.04822, -0.06064
-0.04022, 0.03938
