omega (249) = 72
lambda (249) = 134
omega (248) = 198
lambda (248) = 129
omega (247) = 144
lambda (247) = 5
omega (246) = 46
lambda (246) = 253
omega (245) = 225
lambda (245) = 137
omega (244) = 234
lambda (244) = 6
omega (243) = 144
lambda (243) = 187
omega (242) = 27
lambda (242) = 67
omega (241) = 84
lambda (241) = 60
omega (240) = 10
lambda (240) = 82
omega (239) = 204
lambda (239) = 168
i   err[index]  err[poly]
  0      -1        0
  1      -1        0
  2      -1        0
  3      -1        0
  4      -1        0
  5      -1        0
  6      -1        0
  7      -1        0
  8      -1        0
  9      -1        0
 10      -1        0
 11      -1        0
 12      -1        0
 13      -1        0
 14      -1        0
 15      -1        0
 16      -1        0
 17      -1        0
 18      -1        0
 19      -1        0
 20      -1        0
 21      -1        0
 22      -1        0
 23      -1        0
 24      -1        0
 25      -1        0
 26      -1        0
 27      -1        0
 28      -1        0
 29      -1        0
 30      -1        0
 31      -1        0
 32      -1        0
 33      -1        0
 34      -1        0
 35      -1        0
 36      -1        0
 37      -1        0
 38      -1        0
 39      -1        0
 40      -1        0
 41      -1        0
 42      -1        0
 43      -1        0
 44      -1        0
 45      -1        0
 46      -1        0
 47      -1        0
 48      -1        0
 49      -1        0
 50      -1        0
 51      -1        0
 52      -1        0
 53      -1        0
 54      -1        0
 55      -1        0
 56      -1        0
 57      -1        0
 58      -1        0
 59      -1        0
 60      -1        0
 61      -1        0
 62      -1        0
 63      -1        0
 64      -1        0
 65      -1        0
 66      -1        0
 67      -1        0
 68      -1        0
 69      -1        0
 70      -1        0
 71      -1        0
 72      -1        0
 73      -1        0
 74      -1        0
 75      -1        0
 76      -1        0
 77      -1        0
 78      -1        0
 79      -1        0
 80      -1        0
 81      -1        0
 82      -1        0
 83      -1        0
 84      -1        0
 85      -1        0
 86      -1        0
 87      -1        0
 88      -1        0
 89      -1        0
 90      -1        0
 91      -1        0
 92      -1        0
 93      -1        0
 94      -1        0
 95      -1        0
 96      -1        0
 97      -1        0
 98      -1        0
 99      -1        0
100      -1        0
101      -1        0
102      -1        0
103      -1        0
104      -1        0
105      -1        0
106      -1        0
107      -1        0
108      -1        0
109      -1        0
110      -1        0
111      -1        0
112      -1        0
113      -1        0
114      -1        0
115      -1        0
116      -1        0
117      -1        0
118      -1        0
119      -1        0
120      -1        0
121      -1        0
122      -1        0
123      -1        0
124      -1        0
125      -1        0
126      -1        0
127      -1        0
128      -1        0
129      -1        0
130      -1        0
131      -1        0
132      -1        0
133      -1        0
134      -1        0
135      -1        0
136      -1        0
137      -1        0
138      -1        0
139      -1        0
140      -1        0
141      -1        0
142      -1        0
143      -1        0
144      -1        0
145      -1        0
146      -1        0
147      -1        0
148      -1        0
149      -1        0
150      -1        0
151      -1        0
152      -1        0
153      -1        0
154      -1        0
155      -1        0
156      -1        0
157      -1        0
158      -1        0
159      -1        0
160      -1        0
161      -1        0
162      -1        0
163      -1        0
164      -1        0
165      -1        0
166      -1        0
167      -1        0
168      -1        0
169      -1        0
170      -1        0
171      -1        0
172      -1        0
173      -1        0
174      -1        0
175      -1        0
176      -1        0
177      -1        0
178      -1        0
179      -1        0
180      -1        0
181      -1        0
182      -1        0
183      -1        0
184      -1        0
185      -1        0
186      -1        0
187      -1        0
188      -1        0
189      -1        0
190      -1        0
191      -1        0
192      -1        0
193      -1        0
194      -1        0
195      -1        0
196      -1        0
197      -1        0
198      -1        0
199      -1        0
200      -1        0
201      -1        0
202      -1        0
203      -1        0
204      -1        0
205      -1        0
206      -1        0
207      -1        0
208      -1        0
209      -1        0
210      -1        0
211      -1        0
212      -1        0
213      -1        0
214      -1        0
215      -1        0
216      -1        0
217      -1        0
218      -1        0
219      -1        0
220      -1        0
221      -1        0
222      -1        0
223      -1        0
224      -1        0
225      -1        0
226      -1        0
227      -1        0
228      -1        0
229      -1        0
230      -1        0
231      -1        0
232      -1        0
233      -1        0
234      -1        0
235      -1        0
236      -1        0
237      -1        0
238      -1        0
239     238       11
240     158      183
241      66       97
242     150       85
243     144      168
244     251      216
245      15       38
246      50        5
247     177      219
248      52       20
249     127      204
250      -1        0
251      -1        0
252      -1        0
253      -1        0
254      -1        0
i   r[i]   e[i]   d[i]
  0    96     0    96
  1    15     0    15
  2    79     0    79
  3    75     0    75
  4    10     0    10
  5   111     0   111
  6   210     0   210
  7    57     0    57
  8    42     0    42
  9   135     0   135
 10   121     0   121
 11   176     0   176
 12   155     0   155
 13    58     0    58
 14    64     0    64
 15    60     0    60
 16   155     0   155
 17   203     0   203
 18   221     0   221
 19    26     0    26
 20    90     0    90
 21     2     0     2
 22    12     0    12
 23   150     0   150
 24   216     0   216
 25    28     0    28
 26   223     0   223
 27   130     0   130
 28    48     0    48
 29   227     0   227
 30   117     0   117
 31   219     0   219
 32   214     0   214
 33   100     0   100
 34   199     0   199
 35   203     0   203
 36   232     0   232
 37    50     0    50
 38    85     0    85
 39   195     0   195
 40    70     0    70
 41   141     0   141
 42   121     0   121
 43   160     0   160
 44    93     0    93
 45   130     0   130
 46   242     0   242
 47   233     0   233
 48   162     0   162
 49   182     0   182
 50    36     0    36
 51   154     0   154
 52     4     0     4
 53    61     0    61
 54    34     0    34
 55   205     0   205
 56    39     0    39
 57   102     0   102
 58    33     0    33
 59    27     0    27
 60   254     0   254
 61    55     0    55
 62   130     0   130
 63   213     0   213
 64   156     0   156
 65    75     0    75
 66   162     0   162
 67   133     0   133
 68   125     0   125
 69   248     0   248
 70    74     0    74
 71   196     0   196
 72   134     0   134
 73   196     0   196
 74   102     0   102
 75   227     0   227
 76    72     0    72
 77    89     0    89
 78   205     0   205
 79   234     0   234
 80    17     0    17
 81   242     0   242
 82   134     0   134
 83    21     0    21
 84    49     0    49
 85   169     0   169
 86   227     0   227
 87    88     0    88
 88    16     0    16
 89     5     0     5
 90   116     0   116
 91    16     0    16
 92    60     0    60
 93   247     0   247
 94   230     0   230
 95   216     0   216
 96    67     0    67
 97   137     0   137
 98    95     0    95
 99   193     0   193
100   130     0   130
101   170     0   170
102   135     0   135
103    10     0    10
104   111     0   111
105   237     0   237
106   237     0   237
107   183     0   183
108    72     0    72
109   188     0   188
110   163     0   163
111    90     0    90
112   175     0   175
113    42     0    42
114   112     0   112
115   224     0   224
116   211     0   211
117    84     0    84
118    58     0    58
119   227     0   227
120    89     0    89
121   175     0   175
122   243     0   243
123   150     0   150
124   167     0   167
125   218     0   218
126   112     0   112
127   235     0   235
128   101     0   101
129   207     0   207
130   174     0   174
131   232     0   232
132   123     0   123
133    55     0    55
134   242     0   242
135   234     0   234
136    37     0    37
137   224     0   224
138   163     0   163
139   110     0   110
140   157     0   157
141    71     0    71
142   200     0   200
143    78     0    78
144   113     0   113
145    57     0    57
146    47     0    47
147    70     0    70
148   141     0   141
149   106     0   106
150    43     0    43
151   231     0   231
152    26     0    26
153    32     0    32
154   126     0   126
155   193     0   193
156   251     0   251
157   238     0   238
158   174     0   174
159    97     0    97
160   191     0   191
161    94     0    94
162    75     0    75
163    59     0    59
164   149     0   149
165    62     0    62
166    38     0    38
167   186     0   186
168    31     0    31
169   202     0   202
170    41     0    41
171   189     0   189
172    19     0    19
173   242     0   242
174    13     0    13
175   132     0   132
176    44     0    44
177    61     0    61
178   203     0   203
179   186     0   186
180   167     0   167
181   246     0   246
182   163     0   163
183   193     0   193
184    23     0    23
185    34     0    34
186   132     0   132
187    19     0    19
188    17     0    17
189    52     0    52
190   117     0   117
191   209     0   209
192   146     0   146
193   192     0   192
194    13     0    13
195    40     0    40
196   254     0   254
197    52     0    52
198   226     0   226
199    31     0    31
200   254     0   254
201    13     0    13
202   221     0   221
203    18     0    18
204     1     0     1
205   235     0   235
206   151     0   151
207    45     0    45
208    41     0    41
209    99     0    99
210   232     0   232
211   209     0   209
212    91     0    91
213   140     0   140
214   147     0   147
215   115     0   115
216   175     0   175
217    25     0    25
218   135     0   135
219   193     0   193
220    77     0    77
221   253     0   253
222   147     0   147
223   223     0   223
224   190     0   190
225   160     0   160
226     9     0     9
227   190     0   190
228   212     0   212
229   235     0   235
230   222     0   222
231   211     0   211
232   249     0   249
233   189     0   189
234   230     0   230
235   250     0   250
236   170     0   170
237   126     0   126
238    41     0    41
239   216    11   211
240    85   183   226
241   114    97    19
242   240    85   165
243   151   168    63
244   120   216   160
245    28    38    58
246   183     5   178
247   139   219    80
248    71    20    83
249   247   204    59
250    18     0    18
251   161     0   161
252    57     0    57
253     0     0     0
254     0     0     0
